Mon 11 May 2020 01:07:33 PM EDT
 
n=1:
	[1]
n=2:
	null
n=3:
	null
n=4:
	[2, 4, 1, 3]
n=5:
	[1, 3, 5, 2, 4]
n=6:
	[2, 4, 6, 1, 3, 5]
n=7:
	[1, 3, 5, 7, 2, 4, 6]
n=8:
	[1, 5, 8, 6, 3, 7, 2, 4]
n=9:
	[1, 3, 6, 8, 2, 4, 9, 7, 5]
n=10:
	[1, 3, 6, 8, 10, 5, 9, 2, 4, 7]
n=11:
	[1, 3, 5, 7, 9, 11, 2, 4, 6, 8, 10]
n=12:
	[1, 3, 5, 8, 10, 12, 6, 11, 2, 7, 9, 4]
n=13:
	[1, 3, 5, 2, 9, 12, 10, 13, 4, 6, 8, 11, 7]
n=14:
	[1, 3, 5, 7, 12, 10, 13, 4, 14, 9, 2, 6, 8, 11]
n=15:
	[1, 3, 5, 2, 10, 12, 14, 4, 13, 9, 6, 15, 7, 11, 8]
n=16:
	[1, 3, 5, 2, 13, 9, 14, 12, 15, 6, 16, 7, 4, 11, 8, 10]
n=17:
	[1, 3, 5, 2, 8, 11, 15, 7, 16, 14, 17, 4, 6, 9, 12, 10, 13]
n=18:
	[1, 3, 5, 2, 8, 15, 12, 16, 13, 17, 6, 18, 7, 4, 11, 9, 14, 10]
n=19:
	[1, 3, 5, 2, 4, 9, 13, 15, 17, 19, 7, 16, 18, 11, 6, 8, 10, 12, 14]
n=20:
	[1, 3, 5, 2, 4, 13, 15, 12, 18, 20, 17, 9, 16, 19, 8, 10, 7, 14, 6, 11]
n=21:
	[1, 3, 5, 2, 4, 9, 11, 15, 21, 18, 20, 17, 19, 7, 12, 10, 8, 6, 14, 16, 13]
n=22:
	[1, 3, 5, 2, 4, 10, 14, 17, 20, 13, 19, 22, 18, 8, 21, 12, 9, 6, 16, 7, 11, 15]
n=23:
	[1, 3, 5, 2, 4, 9, 11, 14, 19, 17, 23, 21, 7, 22, 20, 13, 8, 6, 12, 10, 16, 18, 15]
n=24:
	[1, 3, 5, 2, 4, 9, 11, 14, 18, 22, 19, 23, 20, 24, 10, 21, 6, 8, 12, 16, 13, 7, 17, 15]
n=25:
	[1, 3, 5, 2, 4, 9, 11, 13, 15, 19, 21, 24, 20, 25, 23, 6, 8, 10, 7, 14, 16, 18, 12, 17, 22]
n=26:
	[1, 3, 5, 2, 4, 9, 11, 13, 15, 21, 23, 25, 20, 22, 24, 26, 10, 7, 16, 12, 8, 6, 18, 14, 19, 17]
n=27:
	[1, 3, 5, 2, 4, 9, 11, 13, 15, 17, 19, 23, 25, 27, 24, 26, 6, 10, 7, 16, 8, 12, 14, 21, 18, 20, 22]
n=28:
	[1, 3, 5, 2, 4, 9, 11, 13, 15, 17, 23, 25, 22, 28, 26, 24, 27, 7, 12, 16, 18, 8, 10, 14, 20, 6, 21, 19]
n=29:
	[1, 3, 5, 2, 4, 9, 11, 13, 15, 6, 20, 24, 26, 21, 29, 27, 25, 28, 8, 12, 7, 16, 10, 17, 22, 14, 18, 23, 19]
n=30:
	[1, 3, 5, 2, 4, 9, 11, 13, 15, 7, 23, 26, 28, 25, 22, 24, 30, 27, 29, 16, 12, 10, 8, 6, 18, 20, 17, 14, 21, 19]
n=31:
	[1, 3, 5, 2, 4, 9, 11, 13, 15, 6, 18, 23, 26, 28, 31, 25, 27, 30, 7, 17, 29, 14, 10, 8, 20, 12, 16, 19, 22, 24, 21]
n=32:
	[1, 3, 5, 2, 4, 9, 11, 13, 15, 6, 18, 24, 26, 30, 25, 31, 28, 32, 27, 29, 16, 19, 10, 8, 17, 12, 21, 7, 14, 23, 20, 22]
